3, 8, 18, 23
1, 9, 14, 23, 26
1, 8, 24
2, 7, 23, 21
5, 10, 13, 18, 28
4, 6, 27
9, 16, 24, 23
8, 11, 25, 15
3, 17, 25, 30
28, 30, 19, 9
2, 4, 7, 24
1, 6, 10, 23, 14
1, 4, 5, 7, 16, 23
2, 5, 9, 14, 25
1, 10, 16, 25
4, 12, 17, 25
2, 11, 15, 24
27, 9, 8
3, 10, 16, 25
4, 8, 9, 16, 25
3, 6, 11, 15, 23
7, 27, 30
3, 9, 14, 23
1, 9, 16, 25
2, 10, 14, 24
4, 12, 17, 23, 28
3, 10, 16, 25
2, 9, 18, 24
1, 11, 15, 23
3, 10, 17, 24
3, 8, 15, 24
27, 29, 22, 4
1, 11, 22, 23
2, 10, 16, 25
4, 13, 25, 28
2, 1, 7, 29
2, 6, 11, 30
7, 11, 20, 28, 29
1, 9, 16, 25
3, 9, 15, 23
2, 7, 11, 30
1, 8, 10, 16, 25
4, 12, 17, 24
3, 10, 13, 25
2, 9, 15, 25
5, 11, 20, 29
2, 10, 16, 25
5, 11, 21, 29
1, 9, 15, 25, 3, 12, 17, 23, 24
5, 11, 21, 26
4, 15, 24
1, 9, 16, 23
1, 11, 14, 25
5, 19, 23
1, 10, 13, 23, 25
9, 14, 19, 25, 23
3, 11, 16, 23, 25
4, 12, 18, 23
5, 12, 17, 25
6, 11, 22, 28, 26
6, 10, 20, 30
6, 10, 21, 27, 29
8, 9, 15, 25, 23
3, 9, 13, 14, 23
4, 12, 16, 25
2, 7, 11, 20, 30
2, 9, 13, 15, 24
5, 11, 17, 23, 21
6, 12, 20, 26
3, 9, 15, 25
6, 30
5, 10, 22, 30
1, 9, 15, 25
1, 7, 11, 22, 26
2, 10, 16, 24, 23
4, 12, 17, 23
6, 11, 20, 30
3, 9, 18, 23, 25
2, 12, 13, 15, 24, 23
2, 11, 16, 23, 25
6, 10, 20, 28, 30
3, 9, 16, 23, 25
5, 12, 18, 22, 23, 24
3, 9, 16, 23, 24
2, 11, 14, 17, 23, 25
1, 9, 15, 24
4, 12, 18, 24
3, 9, 13, 14, 25
17, 23, 25
2, 10, 16, 23, 25
6, 11, 20, 30
3, 9, 13, 15, 23, 24
3, 10, 16, 24
1, 9, 13, 15, 23, 24
2, 7, 12, 20, 30
3, 10, 13, 14, 23, 25
4, 12, 16, 25
5, 11, 20, 30
8, 9, 15, 23
6, 12, 17, 26
3, 9, 13, 14, 24
2, 9, 15, 23
4, 10, 16, 24
1, 27
3, 9, 15, 23
3, 13, 24, 23
4, 18, 30
1, 6, 20, 27, 30
5, 12, 20, 30
1, 10, 23, 25
7, 29
2, 11, 28
8, 13, 23, 24
5, 17, 22, 29
14, 15, 23
3, 15, 25
6, 13, 25
2, 9, 18, 22, 25
5, 11, 22, 30
3, 11, 17, 25
4, 12, 19, 25
4, 16, 23, 26, 28
5, 7, 11, 22, 30
7, 10, 20, 22, 26, 28
7, 25
6, 11, 20, 22, 28, 30
10, 11, 30
4, 18
17, 19, 21, 23, 26
24, 15, 3
7, 27, 29, 26
30, 16, 11
2, 12, 22, 30
29, 22, 10
4, 26, 19, 17, 15
4, 26, 19, 17, 15
1, 11, 20, 28, 29
2, 29, 17
8, 9, 15, 23
1, 2, 10
1, 10
2, 10
3, 8, 15, 23
3, 13, 25, 26
3, 4, 8, 18, 24, 26, 17
16, 17, 25, 23
8, 23, 24, 15
6, 5, 11, 22, 25, 27, 30
5, 6, 29
12, 10, 1
11, 13, 15, 3, 23
16, 17, 19, 4, 25, 24
1, 2, 10
6, 7, 22, 28, 29, 30
3, 15, 24
4, 14, 18, 26
1, 2
7, 11, 17, 26
12, 20, 28, 30
18, 25, 19
8, 17, 18, 23, 25
16, 17, 3, 25, 24, 19
19, 18, 26, 24, 4, 3
19, 18, 26, 24, 4, 3
3, 8
13, 23, 25
5, 6, 7
12, 10, 22
14, 13, 23, 24
5, 6, 20
21, 22, 29, 7
29, 20
9, 10, 12, 2
6, 7
4, 15, 13, 23, 26
23, 25, 14
16, 15, 23, 24, 3, 8
13, 14, 8, 25, 23, 24
3, 14, 18, 21, 26, 23
22, 26, 18, 16
5, 8, 14, 16, 17, 26, 25, 23
14, 17, 25, 24
30, 22, 19
5, 11, 21, 27, 28, 26
5, 11, 21, 27, 28, 26
28, 27, 11, 5
25, 19
1, 2
3, 13, 24
14, 15, 25, 23
14, 15, 25, 23
13, 14, 26, 25
11, 20, 27
3, 4, 14
1, 2, 12
7, 6, 28
1, 9, 15, 23, 24
2, 10, 16, 17, 25, 23
3, 11, 15, 13, 23, 25
2, 10, 17, 25
1, 11, 19, 21, 25, 23
5, 16, 22, 30
3, 10, 16, 25
4, 12, 17, 24
12, 22, 24
6, 11, 20, 26
7, 11, 30
1, 12, 14, 17, 23, 25
5, 12, 20, 22, 28, 26
5, 27, 30
5, 7, 30
8, 18, 25
7, 11, 22, 29
3, 8, 15
9, 10, 16, 30
17, 22, 27
26, 18, 15
7, 9, 17, 21
14, 15, 16, 25
12, 10, 2
1, 3, 8
19, 17, 23, 26
5, 7, 30
3, 4, 18
25, 24, 23, 17, 18
6, 20, 28
5, 20, 29
1, 2, 10, 25
23, 19
9, 13, 15, 16, 26
1, 2, 11, 12
3, 8, 18, 23
1, 2, 4
21, 23, 24, 25, 17, 15, 16
5, 6, 11, 29, 30
11, 20, 28
1, 7, 6, 27
3, 10, 11, 16, 20, 22, 28, 25, 26
5, 6, 29
7, 5, 20, 28, 30, 29
1, 2, 9, 12, 28
11, 21, 27
3, 13, 14, 25
1, 2, 10
5, 16, 23, 24
27, 25, 23, 21, 19, 17, 15
3, 26, 18
3, 4, 24, 17
10, 11, 27, 21
3, 4, 24, 18
7, 6, 20, 28, 30
1, 2, 9, 17, 23
1, 3, 2, 14, 11, 9, 15, 23
6, 5, 29
15, 16, 29, 25, 26
5, 7, 21, 29
1, 2, 6, 9, 11, 16, 21, 23, 25
5, 7, 6
27, 28, 1, 30
3, 5, 6, 7, 17, 29, 30
8, 13, 15, 23, 25
23, 24, 14, 16, 3

2, 3, 8
7, 17, 22, 28, 30
11, 12, 29, 20
11, 12, 29, 20
17, 16, 4
12, 14, 22, 24, 28
13, 23, 24
29, 27, 19, 22, 12
29, 27, 19, 22, 12
24, 15, 13, 14
17, 19, 29, 26
9, 11, 23, 25
1, 3, 8
5, 6, 7
5, 6, 7
9, 11, 29, 27
30, 29
30, 29
25, 26, 24
27, 28, 30, 29, 7
18, 17, 19
26, 25, 23, 13
26, 25, 23, 13
1, 3, 13
1, 3, 13
21, 22
24, 23, 3
6, 7, 5
1, 13, 23
3, 15, 24
7, 17, 30
6, 14, 23, 24
12, 18, 25
11, 16, 23
29, 21
4, 17, 23
30, 20
6, 15, 24
9, 14, 23
22, 24
19, 20, 24, 23, 26
8, 13, 23
18, 25, 23
3, 15, 24
4, 10, 16, 30
29, 21
2, 17, 23
6, 14, 23
26, 18, 1
12, 20, 29
5, 19, 26
12, 17, 24
7, 21, 23
13, 15, 23, 25
3, 15, 24
30, 21, 2
11, 17, 23
28, 20, 11
27, 13, 9
23, 18, 6
7, 16, 24, 26
9, 15, 24
17, 12, 23
1, 16, 23
8, 14, 23
1, 13, 25
6, 15, 25
7, 16, 23
12, 19, 26
7, 17, 30
1, 3, 8, 14, 24
6, 20, 22, 28, 30
5, 7, 21, 29
5, 22, 27
9, 10, 13, 17, 25
1, 10, 12
3, 4, 8
1, 2, 12
5, 6, 7, 27, 29
3, 8, 15, 16, 23, 24
6, 5, 7, 10, 24
1, 3, 2, 7, 11, 15, 19, 23
9, 11, 21, 2
3, 14, 15, 23, 26
4, 16, 23
3, 14, 24
5, 17, 23
7, 16, 30
10, 20, 26
8, 15, 24
11, 19, 23
12, 21, 24
2, 22, 23
28, 21, 7
29, 20, 12
3, 13, 23
6, 15, 25
5, 18, 26
7, 17, 23
1, 15, 24
9, 13, 23
19, 26, 10
11, 19, 30
8, 14, 23, 24
12, 18, 26
2, 21, 23
7, 16, 26
5, 17, 23
6, 13, 23
9, 13, 23
4, 22, 30
5, 21, 25
11, 22, 26
3, 13, 23
11, 17, 26
5, 19, 29
7, 17, 23
8, 15, 24
7, 21, 26
28, 7
5, 21, 26
11, 22, 30
10, 20, 26
5, 20, 23
12, 19, 23
11, 21, 23
28, 7
1, 8, 15, 23, 24
4, 20, 19, 23, 26
4, 20, 19, 23, 26
7, 16, 30, 21, 23
28, 1, 11, 12, 16, 23, 24
1, 9, 18, 23, 24
1, 15, 24
